admin 1751 1147 788 1984 1421 1075 !
admin
1706 2143 2018 1898 2369 2239 
admin
1269 817 686 1846 1330 986 1299 704 433 1250 691 421 1345 929 674 46 230 276 
admin
-1726971271 1400 -1981236198 -1726114759 1416 -1981236198 -1769796968 115 -1981236198 
asd
2008 1227 1535 2354 1542 1903 
admin
1363 1392 1712 1532 1656 2122 

1409 6478 1370 1657 9398 1777 
admin
1305 1499 1348 1107 1317 1536 
admin
1434 1945 1484 774 1419 1416 
admin
1198 1829 1764 1369 1802 1412 1362 1793 1409 1308 1933 1886 1461 2125 2016 505 606 808 
admin
811 1220 1249 1586 1747 1734 737 1012 1205 1549 1778 1791 777 888 555 
admin
2507 1021 1234 5462 1785 2115 3367 1073 1283 5373 1785 2120 777 555 666 
admin
1468 1421 793 2067 2071 1577 1301 1450 1079 2118 2129 1573 888 555 111 
admin
1482 1791 1597 
admin
1517 1254 1996 1475 1290 2035 
admin
1499 1348 1773 1317 1536 1971 
admin
1409 1533 1687 1580 1680 1750 
admin
153 153 153 
admin
887 1036 1121 1569 1663 1521 753 787 671 1083 1148 1045 
